latitude=18.575339
longitude=73.682446
